22
0 3 4 25 33 34 46 48 52 57 59 61
0 2 3 29 30 34 47 52 53 55 56 61
0 3 7 23 29 34 41 47 53 55 61 65
0 3 27 29 33 34 38 44 45 51 55 61
0 9 18 20 27 34 37 42 49 53 62 65
0 9 17 24 27 34 35 42 49 53 62 65
0 14 16 21 26 34 35 43 48 53 62 65
0 14 15 23 28 33 41 43 46 48 55 69
0 9 17 24 29 33 40 43 47 48 55 69
0 14 24 27 29 31 38 40 42 45 55 69
0 4 22 26 29 33 42 45 50 52 57 61
0 3 21 26 29 34 43 47 48 53 55 61
0 3 21 27 28 34 43 46 49 53 55 61
0 3 23 26 27 34 41 48 49 53 55 61
0 9 23 24 26 30 40 43 47 48 55 69
0 11 23 26 30 31 39 44 49 51 57 58
0 14 20 21 28 29 42 43 46 47 55 69
0 14 24 25 31 32 40 43 47 48 57 58
0 14 20 23 26 29 41 42 47 48 55 69
0 13 20 30 31 32 39 44 46 49 57 58
0 10 23 25 30 33 39 44 49 51 57 58
0 14 21 22 26 29 40 43 47 48 55 69
